IC1707,20170627,13:05:54,6076.400000,6076.400000,0.000000,0.000000
IC1707,20170627,13:05:55,6076.400000,6076.400000,0.000000,0.000000
IC1707,20170627,13:05:56,6075.600000,6076.254545,0.240000,0.000000
IC1707,20170627,13:05:56,6075.800000,6076.171901,0.283549,0.000000
IC1707,20170627,13:06:01,6075.800000,6076.104282,0.309839,0.000000
IC1707,20170627,13:06:02,6076.000000,6076.085322,0.307246,0.000000
IC1707,20170627,13:06:02,6076.000000,6076.069809,0.299333,0.000000
IC1707,20170627,13:06:03,6076.000000,6076.057116,0.285657,0.000000
IC1707,20170627,13:06:04,6075.800000,6076.010368,0.274955,0.000000
IC1707,20170627,13:06:05,6075.800000,6075.972119,0.249800,0.000000
IC1707,20170627,13:06:06,6075.800000,6075.940825,0.204939,0.000000
IC1707,20170627,13:06:08,6075.400000,6075.842493,0.178885,0.000000
IC1707,20170627,13:06:09,6075.400000,6075.762040,0.208806,0.000000
IC1707,20170627,13:06:11,6076.000000,6075.805305,0.219089,0.000000
IC1707,20170627,13:06:13,6076.000000,6075.840704,0.227156,0.000000
IC1707,20170627,13:06:15,6076.000000,6075.869667,0.227156,0.000000
IC1707,20170627,13:06:16,6076.000000,6075.893364,0.227156,0.000000
IC1707,20170627,13:06:16,6075.800000,6075.876389,0.219089,0.000000
IC1707,20170627,13:06:19,6075.600000,6075.826136,0.227156,0.000000
IC1707,20170627,13:06:20,6075.600000,6075.785021,0.233238,0.000000
IC1707,20170627,13:06:22,6075.600000,6075.751380,0.237487,0.000000
IC1707,20170627,13:06:25,6075.200000,6075.651129,0.271293,0.000000
IC1707,20170627,13:06:25,6074.400000,6075.423651,0.477074,0.000000
IC1707,20170627,13:06:26,6074.400000,6075.237533,0.580000,0.000000
IC1707,20170627,13:06:26,6074.400000,6075.085254,0.627694,0.000000
IC1707,20170627,13:06:27,6074.400000,6074.960663,0.632772,0.000000
IC1707,20170627,13:06:28,6075.800000,6075.113269,0.607947,0.000000
IC1707,20170627,13:06:29,6075.800000,6075.238129,0.607947,0.000000
IC1707,20170627,13:06:29,6075.800000,6075.340288,0.626418,0.000000
IC1707,20170627,13:06:33,6074.600000,6075.205690,0.624820,0.000000
IC1707,20170627,13:06:33,6074.600000,6075.095565,0.606960,0.000000
IC1707,20170627,13:06:34,6074.600000,6075.005462,0.607947,0.000000
IC1707,20170627,13:06:34,6074.600000,6074.931742,0.594979,0.000000
IC1707,20170627,13:06:37,6074.600000,6074.871425,0.581034,0.000000
IC1707,20170627,13:06:37,6074.600000,6074.822075,0.566039,0.000000
IC1707,20170627,13:06:38,6074.400000,6074.745334,0.566039,0.000000
IC1707,20170627,13:06:38,6074.400000,6074.682546,0.505964,0.000000
IC1707,20170627,13:06:39,6074.200000,6074.594810,0.407922,0.000000
IC1707,20170627,13:06:39,6074.200000,6074.523027,0.160000,0.000000
IC1707,20170627,13:06:40,6074.400000,6074.500658,0.156205,0.000000
IC1707,20170627,13:06:40,6074.400000,6074.482357,0.149666,0.000000
IC1707,20170627,13:06:41,6074.200000,6074.431019,0.154919,0.000000
IC1707,20170627,13:06:41,6073.800000,6074.316288,0.222711,0.000000
IC1707,20170627,13:06:42,6073.800000,6074.222418,0.249800,0.000000
IC1707,20170627,13:06:42,6073.600000,6074.109251,0.283549,0.000000
IC1707,20170627,13:06:43,6074.200000,6074.125751,0.271293,0.000000
IC1707,20170627,13:06:43,6074.200000,6074.139251,0.256905,0.000000
IC1707,20170627,13:06:45,6074.200000,6074.150296,0.256905,0.000000
IC1707,20170627,13:06:46,6074.200000,6074.159333,0.256905,0.000000
IC1707,20170627,13:06:46,6074.200000,6074.166727,0.240000,0.000000
IC1707,20170627,13:06:47,6073.600000,6074.063686,0.252982,0.000000
IC1707,20170627,13:06:47,6073.600000,6073.979379,0.269072,0.000000
IC1707,20170627,13:06:48,6073.600000,6073.910401,0.285657,0.000000
IC1707,20170627,13:06:48,6073.600000,6073.853965,0.300000,0.000000
IC1707,20170627,13:06:50,6073.600000,6073.807789,0.300000,0.000000
IC1707,20170627,13:06:51,6073.600000,6073.770009,0.293939,0.000000
IC1707,20170627,13:06:52,6073.600000,6073.739099,0.274955,0.000000
IC1707,20170627,13:06:53,6073.600000,6073.713808,0.240000,0.000000
IC1707,20170627,13:06:53,6073.800000,6073.729479,0.183303,0.000000
IC1707,20170627,13:06:54,6073.800000,6073.742301,0.080000,0.000000
IC1707,20170627,13:06:55,6073.800000,6073.752792,0.091652,0.000000
IC1707,20170627,13:06:56,6073.800000,6073.761375,0.097980,0.000000
IC1707,20170627,13:06:56,6074.200000,6073.841125,0.180000,0.000000
IC1707,20170627,13:06:57,6074.200000,6073.906375,0.219089,0.000000
IC1707,20170627,13:06:57,6074.200000,6073.959761,0.237487,0.000000
IC1707,20170627,13:06:58,6074.200000,6074.003441,0.240000,0.000000
IC1707,20170627,13:06:58,6074.200000,6074.039179,0.227156,0.000000
IC1707,20170627,13:07:00,6073.800000,6073.995692,0.200000,0.000000
IC1707,20170627,13:07:00,6073.800000,6073.960112,0.200000,0.000000
IC1707,20170627,13:07:01,6073.800000,6073.931000,0.200000,0.000000
IC1707,20170627,13:07:02,6073.800000,6073.907182,0.200000,0.000000
IC1707,20170627,13:07:03,6073.800000,6073.887695,0.200000,0.000000
IC1707,20170627,13:07:04,6073.800000,6073.871750,0.195959,0.000000
IC1707,20170627,13:07:05,6073.800000,6073.858705,0.183303,0.000000
IC1707,20170627,13:07:06,6073.800000,6073.848031,0.160000,0.000000
IC1707,20170627,13:07:07,6073.800000,6073.839298,0.120000,0.000000
IC1707,20170627,13:07:08,6073.800000,6073.832153,0.000000,0.000000
IC1707,20170627,13:07:10,6073.800000,6073.826307,0.000000,0.000000
IC1707,20170627,13:07:12,6073.800000,6073.821524,0.000000,0.000000
IC1707,20170627,13:07:13,6074.000000,6073.853974,0.060000,0.000000
IC1707,20170627,13:07:14,6074.000000,6073.880524,0.080000,0.000000
IC1707,20170627,13:07:15,6073.600000,6073.829520,0.107703,0.000000
IC1707,20170627,13:07:15,6073.600000,6073.787789,0.126491,0.000000
IC1707,20170627,13:07:18,6073.600000,6073.753646,0.140000,0.000000
IC1707,20170627,13:07:18,6073.600000,6073.725710,0.149666,0.000000
IC1707,20170627,13:07:19,6073.600000,6073.702854,0.156205,0.000000
IC1707,20170627,13:07:21,6073.600000,6073.684153,0.160000,0.000000
IC1707,20170627,13:07:21,6074.800000,6073.887034,0.362767,0.000000
IC1707,20170627,13:07:24,6074.800000,6074.053028,0.466476,0.000000
IC1707,20170627,13:07:25,6073.600000,6073.970659,0.474974,0.000000
IC1707,20170627,13:07:26,6073.600000,6073.903267,0.480000,0.000000
IC1707,20170627,13:07:26,6073.600000,6073.848127,0.480000,0.000000
IC1707,20170627,13:07:27,6073.600000,6073.803013,0.480000,0.000000
IC1707,20170627,13:07:27,6073.600000,6073.766102,0.480000,0.000000
IC1707,20170627,13:07:28,6073.600000,6073.735901,0.480000,0.000000
IC1707,20170627,13:07:29,6073.600000,6073.711192,0.480000,0.000000
IC1707,20170627,13:07:30,6073.400000,6073.654612,0.493559,0.000000
IC1707,20170627,13:07:30,6073.400000,6073.608319,0.381576,0.000000
IC1707,20170627,13:07:31,6073.400000,6073.570443,0.091652,0.000000
IC1707,20170627,13:07:32,6073.200000,6073.503089,0.134164,0.000000
IC1707,20170627,13:07:33,6073.200000,6073.447982,0.156205,0.000000
IC1707,20170627,13:07:33,6073.000000,6073.366531,0.200000,0.000000
IC1707,20170627,13:07:34,6073.000000,6073.299889,0.220000,0.000000
IC1707,20170627,13:07:34,6073.000000,6073.245364,0.222711,0.000000
IC1707,20170627,13:07:35,6072.200000,6073.055298,0.369324,0.000000
IC1707,20170627,13:07:35,6072.200000,6072.899789,0.428952,0.000000
IC1707,20170627,13:07:36,6072.200000,6072.772555,0.466476,0.000000
IC1707,20170627,13:07:36,6072.200000,6072.668454,0.471593,0.000000
IC1707,20170627,13:07:37,6072.200000,6072.583280,0.445421,0.000000
IC1707,20170627,13:07:38,6072.200000,6072.513593,0.420000,0.000000
IC1707,20170627,13:07:39,6072.200000,6072.456576,0.366606,0.000000
IC1707,20170627,13:07:40,6072.200000,6072.409926,0.320000,0.000000
IC1707,20170627,13:07:41,6072.200000,6072.371758,0.240000,0.000000
IC1707,20170627,13:07:42,6072.200000,6072.340529,0.000000,0.000000
IC1707,20170627,13:07:44,6072.200000,6072.314978,0.000000,0.000000
IC1707,20170627,13:07:44,6072.200000,6072.294073,0.000000,0.000000
IC1707,20170627,13:07:46,6072.200000,6072.276969,0.000000,0.000000
IC1707,20170627,13:07:47,6072.200000,6072.262975,0.000000,0.000000
IC1707,20170627,13:07:47,6073.200000,6072.433343,0.300000,19.230769
IC1707,20170627,13:07:48,6073.200000,6072.572735,0.400000,19.230769
IC1707,20170627,13:07:48,6073.200000,6072.686783,0.458258,19.230769
IC1707,20170627,13:07:49,6073.200000,6072.780095,0.489898,19.230769
IC1707,20170627,13:07:49,6072.600000,6072.747351,0.471593,8.695652
IC1707,20170627,13:07:50,6072.600000,6072.720560,0.448999,8.695652
IC1707,20170627,13:07:51,6072.600000,6072.698640,0.421426,8.695652
IC1707,20170627,13:07:51,6072.400000,6072.644342,0.400500,4.545455
IC1707,20170627,13:07:52,6072.400000,6072.599916,0.377359,4.545455
IC1707,20170627,13:07:52,6072.400000,6072.563568,0.351568,4.545455
IC1707,20170627,13:07:54,6072.400000,6072.533828,0.337639,4.545455
IC1707,20170627,13:07:55,6072.400000,6072.509496,0.302655,4.545455
IC1707,20170627,13:07:56,6072.400000,6072.489587,0.237487,4.545455
IC1707,20170627,13:07:57,6073.600000,6072.691481,0.351568,25.000000
IC1707,20170627,13:07:58,6073.600000,6072.856666,0.466476,25.000000
IC1707,20170627,13:07:58,6073.600000,6072.991818,0.540000,25.000000
IC1707,20170627,13:07:59,6073.600000,6073.102396,0.587878,25.000000
IC1707,20170627,13:07:59,6073.200000,6073.120142,0.571314,19.230769
IC1707,20170627,13:08:00,6073.200000,6073.134662,0.542586,19.230769
IC1707,20170627,13:08:02,6072.600000,6073.037451,0.521920,8.695652
IC1707,20170627,13:08:03,6072.600000,6072.957914,0.499600,8.695652
IC1707,20170627,13:08:03,6072.400000,6072.856475,0.499600,4.545455
IC1707,20170627,13:08:04,6072.800000,6072.846207,0.457821,12.500000
IC1707,20170627,13:08:04,6072.800000,6072.837806,0.436348,12.500000
IC1707,20170627,13:08:06,6072.000000,6072.685477,0.491528,0.000000
IC1707,20170627,13:08:06,6072.000000,6072.560845,0.491528,0.000000
IC1707,20170627,13:08:07,6072.000000,6072.458873,0.436348,0.000000
IC1707,20170627,13:08:07,6072.000000,6072.375442,0.407922,0.000000
IC1707,20170627,13:08:08,6072.000000,6072.307180,0.337046,0.000000
IC1707,20170627,13:08:09,6072.000000,6072.251329,0.335261,0.000000
IC1707,20170627,13:08:09,6071.800000,6072.169269,0.340000,0.000000
IC1707,20170627,13:08:10,6071.800000,6072.102129,0.348712,0.000000
IC1707,20170627,13:08:21,6070.000000,6069.687603,0.509510,0.000000
IC1707,20170627,13:08:22,6069.400000,6069.635312,0.474974,0.000000
IC1707,20170627,13:08:22,6069.400000,6069.592528,0.414246,0.000000
IC1707,20170627,13:08:23,6069.400000,6069.557523,0.312410,0.000000
IC1707,20170627,13:08:23,6069.400000,6069.528882,0.293939,0.000000
IC1707,20170627,13:08:24,6069.400000,6069.505449,0.283549,0.000000
IC1707,20170627,13:08:25,6069.400000,6069.486277,0.271293,0.000000
IC1707,20170627,13:08:25,6069.400000,6069.470590,0.256905,0.000000
IC1707,20170627,13:08:26,6069.400000,6069.457755,0.240000,0.000000
IC1707,20170627,13:08:26,6070.000000,6069.556345,0.240000,0.000000
IC1707,20170627,13:08:27,6070.000000,6069.637010,0.240000,0.000000
IC1707,20170627,13:08:28,6070.000000,6069.703008,0.274955,0.000000
IC1707,20170627,13:08:29,6069.600000,6069.684279,0.268328,0.000000
IC1707,20170627,13:08:30,6069.600000,6069.668956,0.260000,0.000000
IC1707,20170627,13:08:30,6069.600000,6069.656418,0.249800,0.000000
IC1707,20170627,13:08:32,6070.000000,6069.718888,0.256905,0.000000
IC1707,20170627,13:08:34,6070.000000,6069.769999,0.249800,0.000000
IC1707,20170627,13:08:34,6070.000000,6069.811817,0.227156,0.000000
IC1707,20170627,13:08:35,6070.000000,6069.846032,0.183303,0.000000
IC1707,20170627,13:08:36,6069.800000,6069.837663,0.180000,0.000000
IC1707,20170627,13:08:36,6069.800000,6069.830815,0.174356,0.000000
IC1707,20170627,13:08:37,6069.600000,6069.788849,0.178885,0.000000
IC1707,20170627,13:08:37,6069.600000,6069.754513,0.178885,0.000000
IC1707,20170627,13:08:38,6069.400000,6069.690056,0.208806,0.000000
IC1707,20170627,13:08:40,6069.800000,6069.710046,0.200000,0.000000
IC1707,20170627,13:08:41,6069.800000,6069.726401,0.188680,0.000000
IC1707,20170627,13:08:41,6069.400000,6069.667055,0.203961,0.000000
IC1707,20170627,13:08:42,6069.400000,6069.618500,0.200998,0.000000
IC1707,20170627,13:08:43,6069.200000,6069.542409,0.208806,0.000000
IC1707,20170627,13:08:43,6069.200000,6069.480153,0.222711,0.000000
IC1707,20170627,13:08:44,6069.200000,6069.429216,0.220000,0.000000
IC1707,20170627,13:08:44,6068.800000,6069.314813,0.289137,0.000000
IC1707,20170627,13:08:45,6068.000000,6069.075756,0.493559,0.000000
IC1707,20170627,13:08:45,6068.200000,6068.916528,0.574456,0.000000
IC1707,20170627,13:08:46,6067.400000,6068.640795,0.715821,0.000000
IC1707,20170627,13:08:46,6067.400000,6068.415196,0.761315,0.000000
IC1707,20170627,13:08:47,6066.600000,6068.085161,0.921086,0.000000
IC1707,20170627,13:12:27,6062.600000,6062.843967,0.468615,0.000000
IC1707,20170627,13:12:27,6061.800000,6062.654155,0.517301,0.000000
IC1707,20170627,13:12:28,6063.800000,6062.862490,0.517301,0.000000
IC1707,20170627,13:12:29,6063.800000,6063.032947,0.587878,0.000000
IC1707,20170627,13:12:29,6062.000000,6062.845138,0.631189,0.000000
IC1707,20170627,13:12:30,6062.000000,6062.691477,0.649923,0.000000
IC1707,20170627,13:43:08,6059.600000,6059.466116,0.420000,100.000000
IC1707,20170627,13:43:08,6059.600000,6059.490458,0.183303,100.000000
IC1707,20170627,13:43:09,6059.600000,6059.510375,0.160000,100.000000
IC1707,20170627,13:43:09,6059.600000,6059.526670,0.120000,100.000000
IC1707,20170627,13:43:10,6059.800000,6059.576367,0.060000,100.000000
IC1707,20170627,13:43:11,6058.200000,6059.326118,0.430813,0.000000
IC1707,20170627,13:43:11,6058.000000,6059.085006,0.614492,0.000000
IC1707,20170627,13:43:12,6058.400000,6058.960459,0.663325,100.000000
IC1707,20170627,13:43:12,6058.400000,6058.858558,0.688186,100.000000
IC1707,20170627,13:43:13,6058.400000,6058.775184,0.691665,100.000000
IC1707,20170627,13:43:13,6058.400000,6058.706968,0.674092,100.000000
IC1707,20170627,13:43:14,6058.400000,6058.651156,0.633719,100.000000
IC1707,20170627,13:43:14,6058.000000,6058.532764,0.591946,0.000000
IC1707,20170627,13:43:15,6058.000000,6058.435898,0.497996,0.000000
IC1707,20170627,13:43:15,6058.000000,6058.356644,0.188680,0.000000
IC1707,20170627,13:43:16,6058.000000,6058.291799,0.200000,0.000000
IC1707,20170627,13:43:19,6058.000000,6058.238745,0.200000,0.000000
IC1707,20170627,13:43:20,6058.000000,6058.195337,0.195959,0.000000
IC1707,20170627,13:43:20,6058.000000,6058.159821,0.183303,0.000000
IC1707,20170627,13:43:21,6058.000000,6058.130763,0.160000,0.000000
