IC1707,20170626,13:24:29,6043.400000,6044.628450,0.456294,0.000000
IC1707,20170626,13:24:30,6043.400000,6044.604124,0.476130,0.000000
IC1707,20170626,13:24:31,6043.200000,6044.576320,0.499099,0.000000
IC1707,20170626,13:24:36,6042.000000,6044.525304,0.567165,0.000000
IC1707,20170626,13:24:36,6042.000000,6044.475298,0.626262,0.000000
IC1707,20170626,13:24:37,6041.200000,6044.410440,0.713781,0.000000
IC1707,20170626,13:24:37,6041.200000,6044.346867,0.789661,0.000000
IC1707,20170626,13:24:39,6041.200000,6044.284553,0.855280,0.000000
IC1707,20170626,13:24:40,6041.200000,6044.223473,0.914284,0.000000
IC1707,20170626,13:24:43,6041.200000,6044.163602,0.967884,0.000000
IC1707,20170626,13:24:44,6041.200000,6044.104917,1.016935,0.000000
IC1707,20170626,13:24:44,6041.200000,6044.047394,1.062066,0.000000
IC1707,20170626,13:24:45,6041.200000,6043.991010,1.103759,0.000000
IC1707,20170626,13:24:46,6041.200000,6043.935742,1.142390,0.000000
IC1707,20170626,13:24:48,6041.200000,6043.881569,1.178261,0.000000
IC1707,20170626,13:24:49,6041.200000,6043.828469,1.211617,0.000000
IC1707,20170626,13:24:50,6041.200000,6043.776420,1.244450,0.000000
IC1707,20170626,13:24:50,6041.800000,6043.737283,1.262650,60.000000
IC1707,20170626,13:24:51,6041.800000,6043.698921,1.279687,0.000000
IC1707,20170626,13:24:51,6041.800000,6043.661318,1.297172,0.000000
IC1707,20170626,13:24:52,6041.800000,6043.624461,1.313645,0.000000
IC1707,20170626,13:24:52,6041.800000,6043.588333,1.329144,0.000000
IC1707,20170626,13:24:53,6041.600000,6043.548960,1.347108,0.000000
IC1707,20170626,13:24:53,6041.600000,6043.510366,1.363988,0.000000
IC1707,20170626,13:24:54,6041.800000,6043.476498,1.376599,33.333333
IC1707,20170626,13:24:54,6040.400000,6043.415577,1.416162,0.000000
IC1707,20170626,13:24:55,6040.400000,6043.355863,1.453195,0.000000
IC1707,20170626,13:24:55,6040.400000,6043.297331,1.487886,0.000000
IC1707,20170626,13:24:56,6040.400000,6043.239958,1.520395,0.000000
IC1707,20170626,13:24:56,6040.200000,6043.179761,1.556780,0.000000
IC1707,20170626,13:24:57,6040.200000,6043.120756,1.591005,0.000000
IC1707,20170626,13:24:57,6040.200000,6043.062919,1.624557,0.000000
IC1707,20170626,13:24:58,6040.200000,6043.006227,1.656261,0.000000
IC1707,20170626,13:24:58,6040.200000,6042.950658,1.686222,0.000000
IC1707,20170626,13:24:59,6040.200000,6042.896190,1.714531,0.000000
IC1707,20170626,13:24:59,6040.200000,6042.842800,1.741269,0.000000
IC1707,20170626,13:25:00,6040.200000,6042.790467,1.766506,0.000000
IC1707,20170626,13:25:00,6040.200000,6042.739171,1.788786,0.000000
IC1707,20170626,13:25:01,6040.200000,6042.688890,1.809623,0.000000
IC1707,20170626,13:29:51,6040.000000,6040.514206,1.840951,0.000000
IC1707,20170626,13:29:52,6039.400000,6040.492143,1.825815,0.000000
IC1707,20170626,13:29:52,6039.400000,6040.470516,1.809171,0.000000
IC1707,20170626,13:29:53,6039.400000,6040.449318,1.790977,0.000000
IC1707,20170626,13:29:55,6039.400000,6040.428539,1.771186,0.000000
IC1707,20170626,13:29:56,6039.400000,6040.408172,1.749743,0.000000
IC1707,20170626,13:29:56,6039.400000,6040.388208,1.726586,0.000000
IC1707,20170626,13:30:00,6039.400000,6040.368640,1.701646,0.000000
IC1707,20170626,13:30:00,6039.400000,6040.349459,1.674843,0.000000
IC1707,20170626,13:30:01,6039.400000,6040.330658,1.646086,0.000000
IC1707,20170626,13:30:02,6039.400000,6040.312229,1.615271,0.000000
IC1707,20170626,13:30:02,6039.400000,6040.294165,1.614435,0.000000
IC1707,20170626,13:30:03,6040.000000,6040.288340,1.608895,0.000000
IC1707,20170626,13:30:03,6039.800000,6040.278670,1.604089,0.000000
IC1707,20170626,13:30:04,6039.800000,6040.269191,1.598845,0.000000
IC1707,20170626,13:30:05,6040.200000,6040.267821,1.591300,4.347826
IC1707,20170626,13:30:05,6041.200000,6040.286280,1.583256,21.428571
IC1707,20170626,13:30:06,6041.800000,6040.316255,1.578044,29.032258
IC1707,20170626,13:30:07,6041.800000,6040.345636,1.572792,29.032258
IC1707,20170626,13:30:07,6041.800000,6040.374435,1.567500,29.032258
IC1707,20170626,13:30:08,6041.800000,6040.402664,1.562166,29.032258
IC1707,20170626,13:30:08,6041.800000,6040.430334,1.556792,29.032258
IC1707,20170626,13:30:09,6041.800000,6040.457456,1.551375,29.032258
IC1707,20170626,13:30:11,6041.800000,6040.484041,1.545916,29.032258
IC1707,20170626,13:30:12,6041.200000,6040.498218,1.529281,21.428571
IC1707,20170626,13:30:12,6041.200000,6040.512115,1.512249,21.428571
IC1707,20170626,13:30:13,6041.200000,6040.525737,1.487918,21.428571
IC1707,20170626,13:30:14,6041.200000,6040.539088,1.462852,21.428571
IC1707,20170626,13:30:14,6041.200000,6040.552176,1.437012,21.428571
IC1707,20170626,13:30:15,6042.400000,6040.588766,1.420783,35.294118
IC1707,20170626,13:30:15,6042.600000,6040.628593,1.402870,37.142857
IC1707,20170626,13:30:16,6043.000000,6040.675551,1.395334,40.540541
IC1707,20170626,13:30:16,6043.000000,6040.721580,1.387745,40.540541
IC1707,20170626,13:30:17,6043.000000,6040.766697,1.375826,40.540541
IC1707,20170626,13:30:17,6046.200000,6040.874287,1.455444,58.490566
IC1707,20170626,13:30:18,6046.200000,6040.979747,1.530485,58.490566
IC1707,20170626,13:30:18,6046.600000,6041.091039,1.615934,60.000000
IC1707,20170626,13:30:19,6046.600000,6041.200127,1.696557,60.000000
IC1707,20170626,13:30:19,6046.600000,6041.307056,1.773010,60.000000
IC1707,20170626,13:30:20,6046.600000,6041.411866,1.845813,60.000000
IC1707,20170626,13:30:20,6046.600000,6041.514602,1.925553,60.000000
IC1707,20170626,13:30:21,6046.600000,6041.615303,2.001400,60.000000
IC1707,20170626,13:30:21,6046.600000,6041.714010,2.073778,60.000000
IC1707,20170626,13:30:22,6046.600000,6041.810762,2.143041,60.000000
IC1707,20170626,13:30:22,6046.600000,6041.905598,2.216421,60.000000
IC1707,20170626,13:30:23,6044.600000,6041.958953,2.245454,51.111111
IC1707,20170626,13:30:23,6046.000000,6042.038974,2.300521,57.692308
IC1707,20170626,13:30:24,6046.000000,6042.117410,2.353614,57.692308
IC1707,20170626,13:30:24,6044.000000,6042.154689,2.371817,47.619048
IC1707,20170626,13:30:25,6043.800000,6042.187269,2.387213,46.341463
IC1707,20170626,13:30:25,6043.800000,6042.219204,2.401646,46.341463
IC1707,20170626,13:30:26,6043.800000,6042.250507,2.415956,46.341463
IC1707,20170626,13:30:26,6043.800000,6042.281190,2.429812,46.341463
IC1707,20170626,13:30:27,6043.800000,6042.311266,2.440501,46.341463
IC1707,20170626,13:30:27,6043.800000,6042.340746,2.450554,46.341463
IC1707,20170626,13:30:28,6044.800000,6042.389444,2.470934,52.173913
IC1707,20170626,13:30:28,6044.800000,6042.437178,2.490144,52.173913
IC1707,20170626,13:30:29,6044.800000,6042.483966,2.508210,52.173913
IC1707,20170626,13:30:29,6044.800000,6042.529828,2.525157,52.173913
IC1707,20170626,13:30:30,6044.800000,6042.574782,2.541007,52.173913
IC1707,20170626,13:30:30,6045.200000,6042.626767,2.561137,54.166667
IC1707,20170626,13:30:31,6044.800000,6042.669801,2.576087,52.173913
IC1707,20170626,13:30:31,6044.800000,6042.711983,2.581642,52.173913
IC1707,20170626,13:30:35,6044.800000,6042.753330,2.585885,52.173913
IC1707,20170626,13:30:35,6044.800000,6042.793858,2.588821,52.173913
IC1707,20170626,13:30:36,6044.800000,6042.833584,2.590456,52.173913
IC1707,20170626,13:30:36,6044.800000,6042.872523,2.590792,52.173913
IC1707,20170626,13:30:38,6044.800000,6042.910690,2.589829,52.173913
IC1707,20170626,13:30:39,6044.800000,6042.948102,2.587566,52.173913
IC1707,20170626,13:30:39,6044.200000,6042.972893,2.578386,48.837209
IC1707,20170626,13:30:40,6044.200000,6042.997192,2.568121,48.837209
IC1707,20170626,13:30:41,6044.200000,6043.021010,2.556757,48.837209
IC1707,20170626,13:30:41,6044.200000,6043.044356,2.544279,48.837209
IC1707,20170626,13:30:42,6045.000000,6043.083082,2.537951,53.191489
IC1707,20170626,13:30:42,6045.000000,6043.121040,2.530185,53.191489
IC1707,20170626,13:30:43,6045.000000,6043.158248,2.520967,53.191489
IC1707,20170626,13:30:43,6045.000000,6043.194718,2.510282,53.191489
IC1707,20170626,13:30:44,6045.000000,6043.230466,2.498110,53.191489
IC1707,20170626,13:30:45,6043.600000,6043.237784,2.474782,45.000000
IC1707,20170626,13:30:45,6043.600000,6043.244956,2.450367,45.000000
IC1707,20170626,13:30:46,6043.600000,6043.251987,2.424835,45.000000
IC1707,20170626,13:30:47,6043.600000,6043.258878,2.421983,45.000000
IC1707,20170626,13:30:47,6043.600000,6043.265633,2.418889,45.000000
IC1707,20170626,13:30:48,6043.600000,6043.272254,2.407039,45.000000
IC1707,20170626,13:30:49,6043.800000,6043.282705,2.395405,46.341463
IC1707,20170626,13:30:49,6043.800000,6043.292948,2.383170,46.341463
IC1707,20170626,13:30:50,6043.800000,6043.302989,2.370326,46.341463
IC1707,20170626,13:30:51,6043.800000,6043.312830,2.356861,46.341463
IC1707,20170626,13:30:51,6043.800000,6043.322477,2.342767,46.341463
IC1707,20170626,13:30:52,6043.800000,6043.331933,2.328030,46.341463
IC1707,20170626,13:30:53,6043.800000,6043.341202,2.312639,46.341463
IC1707,20170626,13:30:53,6044.000000,6043.354247,2.297324,47.619048
IC1707,20170626,13:30:54,6044.000000,6043.367035,2.281272,47.619048
IC1707,20170626,13:30:54,6044.000000,6043.379569,2.264470,47.619048
IC1707,20170626,13:30:55,6044.000000,6043.391854,2.246899,47.619048
IC1707,20170626,13:30:55,6043.800000,6043.399936,2.227913,46.341463
IC1707,20170626,13:30:56,6043.800000,6043.407858,2.208177,46.341463
IC1707,20170626,13:30:56,6043.400000,6043.407703,2.184165,43.589744
IC1707,20170626,13:30:57,6043.400000,6043.407550,2.159351,43.589744
IC1707,20170626,13:30:58,6043.400000,6043.407401,2.133707,43.589744
IC1707,20170626,13:30:59,6043.400000,6043.407254,2.107202,43.589744
IC1707,20170626,13:31:00,6043.400000,6043.407111,2.069082,43.589744
IC1707,20170626,13:31:00,6043.400000,6043.406970,2.029458,43.589744
IC1707,20170626,13:31:01,6043.400000,6043.406832,1.988240,43.589744
IC1707,20170626,13:31:01,6044.000000,6043.418578,1.945843,47.619048
IC1707,20170626,13:31:04,6044.000000,6043.430091,1.901388,47.619048
IC1707,20170626,13:31:04,6044.000000,6043.441376,1.854728,47.619048
IC1707,20170626,13:31:07,6044.000000,6043.452438,1.805692,47.619048
IC1707,20170626,13:31:07,6044.000000,6043.463281,1.754081,47.619048
IC1707,20170626,13:31:08,6044.000000,6043.473909,1.699660,47.619048
IC1707,20170626,13:31:09,6044.000000,6043.484327,1.642150,47.619048
IC1707,20170626,13:31:09,6043.800000,6043.490578,1.581159,46.341463
IC1707,20170626,13:31:12,6043.800000,6043.496705,1.532959,46.341463
IC1707,20170626,13:31:13,6043.800000,6043.502711,1.476768,46.341463
IC1707,20170626,13:31:13,6043.800000,6043.508598,1.417224,46.341463
IC1707,20170626,13:31:14,6043.800000,6043.514368,1.365687,46.341463
IC1707,20170626,13:31:15,6044.600000,6043.535866,1.337335,51.111111
